V,I
0.6,0.000118797
0.6001,0.000119257
0.6002,0.00011972
0.6003,0.000120183
0.6004,0.000120649
0.6005,0.000121116
0.6006,0.000121586
0.6007,0.000122057
0.6008,0.000122529
0.6009,0.000123004
0.601,0.000123481
0.6011,0.000123959
0.6012,0.000124439
0.6013,0.000124921
0.6014,0.000125405
0.6015,0.000125891
0.6016,0.000126379
0.6017,0.000126868
0.6018,0.00012736
0.6019,0.000127853
0.602,0.000128348
0.6021,0.000128845
0.6022,0.000129345
0.6023,0.000129846
0.6024,0.000130349
0.6025,0.000130854
0.6026,0.00013136
0.6027,0.000131869
0.6028,0.00013238
0.6029,0.000132893
0.603,0.000133408
0.6031,0.000133925
0.6032,0.000134443
0.6033,0.000134964
0.6034,0.000135487
0.6035,0.000136012
0.6036,0.000136539
0.6037,0.000137068
0.6038,0.000137599
0.6039,0.000138132
0.604,0.000138667
0.6041,0.000139204
0.6042,0.000139743
0.6043,0.000140285
0.6044,0.000140828
0.6045,0.000141374
0.6046,0.000141921
0.6047,0.000142471
0.6048,0.000143023
0.6049,0.000143577
0.605,0.000144133
0.6051,0.000144691
0.6052,0.000145252
0.6053,0.000145815
0.6054,0.00014638
0.6055,0.000146947
0.6056,0.000147516
0.6057,0.000148087
0.6058,0.000148661
0.6059,0.000149237
0.606,0.000149815
0.6061,0.000150395
0.6062,0.000150978
0.6063,0.000151563
0.6064,0.00015215
0.6065,0.000152739
0.6066,0.000153331
0.6067,0.000153925
0.6068,0.000154521
0.6069,0.00015512
0.607,0.000155721
0.6071,0.000156324
0.6072,0.00015693
0.6073,0.000157537
0.6074,0.000158148
0.6075,0.00015876
0.6076,0.000159375
0.6077,0.000159993
0.6078,0.000160613
0.6079,0.000161235
0.608,0.000161859
0.6081,0.000162486
0.6082,0.000163116
0.6083,0.000163748
0.6084,0.000164382
0.6085,0.000165019
0.6086,0.000165658
0.6087,0.0001663
0.6088,0.000166944
0.6089,0.000167591
0.609,0.00016824
0.6091,0.000168892
0.6092,0.000169546
0.6093,0.000170203
0.6094,0.000170862
0.6095,0.000171524
0.6096,0.000172188
0.6097,0.000172855
0.6098,0.000173525
0.6099,0.000174197
0.61,0.000174872
0.6101,0.00017555
0.6102,0.00017623
0.6103,0.000176912
0.6104,0.000177598
0.6105,0.000178286
0.6106,0.000178976
0.6107,0.00017967
0.6108,0.000180366
0.6109,0.000181064
0.611,0.000181766
0.6111,0.00018247
0.6112,0.000183177
0.6113,0.000183886
0.6114,0.000184599
0.6115,0.000185314
0.6116,0.000186032
0.6117,0.000186752
0.6118,0.000187476
0.6119,0.000188202
0.612,0.000188931
0.6121,0.000189663
0.6122,0.000190398
0.6123,0.000191135
0.6124,0.000191876
0.6125,0.000192619
0.6126,0.000193365
0.6127,0.000194114
0.6128,0.000194866
0.6129,0.000195621
0.613,0.000196379
0.6131,0.00019714
0.6132,0.000197903
0.6133,0.00019867
0.6134,0.000199439
0.6135,0.000200212
0.6136,0.000200988
0.6137,0.000201766
0.6138,0.000202548
0.6139,0.000203333
0.614,0.00020412
0.6141,0.000204911
0.6142,0.000205705
0.6143,0.000206502
0.6144,0.000207302
0.6145,0.000208105
0.6146,0.000208911
0.6147,0.00020972
0.6148,0.000210532
0.6149,0.000211348
0.615,0.000212167
0.6151,0.000212989
0.6152,0.000213814
0.6153,0.000214642
0.6154,0.000215473
0.6155,0.000216308
0.6156,0.000217146
0.6157,0.000217987
0.6158,0.000218832
0.6159,0.000219679
0.616,0.00022053
0.6161,0.000221385
0.6162,0.000222242
0.6163,0.000223103
0.6164,0.000223968
0.6165,0.000224835
0.6166,0.000225706
0.6167,0.000226581
0.6168,0.000227458
0.6169,0.000228339
0.617,0.000229224
0.6171,0.000230112
0.6172,0.000231003
0.6173,0.000231898
0.6174,0.000232797
0.6175,0.000233698
0.6176,0.000234604
0.6177,0.000235512
0.6178,0.000236425
0.6179,0.000237341
0.618,0.00023826
0.6181,0.000239183
0.6182,0.00024011
0.6183,0.00024104
0.6184,0.000241974
0.6185,0.000242911
0.6186,0.000243852
0.6187,0.000244797
0.6188,0.000245745
0.6189,0.000246697
0.619,0.000247652
0.6191,0.000248612
0.6192,0.000249575
0.6193,0.000250542
0.6194,0.000251512
0.6195,0.000252487
0.6196,0.000253465
0.6197,0.000254447
0.6198,0.000255432
0.6199,0.000256422
0.62,0.000257415
0.6201,0.000258412
0.6202,0.000259413
0.6203,0.000260418
0.6204,0.000261427
0.6205,0.00026244
0.6206,0.000263456
0.6207,0.000264477
0.6208,0.000265502
0.6209,0.00026653
0.621,0.000267563
0.6211,0.000268599
0.6212,0.00026964
0.6213,0.000270684
0.6214,0.000271733
0.6215,0.000272785
0.6216,0.000273842
0.6217,0.000274903
0.6218,0.000275968
0.6219,0.000277037
0.622,0.00027811
0.6221,0.000279187
0.6222,0.000280269
0.6223,0.000281355
0.6224,0.000282445
0.6225,0.000283539
0.6226,0.000284637
0.6227,0.00028574
0.6228,0.000286847
0.6229,0.000287958
0.623,0.000289073
0.6231,0.000290193
0.6232,0.000291317
0.6233,0.000292446
0.6234,0.000293579
0.6235,0.000294716
0.6236,0.000295858
0.6237,0.000297004
0.6238,0.000298154
0.6239,0.000299309
0.624,0.000300469
0.6241,0.000301633
0.6242,0.000302801
0.6243,0.000303974
0.6244,0.000305152
0.6245,0.000306334
0.6246,0.000307521
0.6247,0.000308712
0.6248,0.000309908
0.6249,0.000311108
0.625,0.000312313
0.6251,0.000313523
0.6252,0.000314738
0.6253,0.000315957
0.6254,0.000317181
0.6255,0.00031841
0.6256,0.000319643
0.6257,0.000320882
0.6258,0.000322125
0.6259,0.000323372
0.626,0.000324625
0.6261,0.000325883
0.6262,0.000327145
0.6263,0.000328412
0.6264,0.000329685
0.6265,0.000330962
0.6266,0.000332244
0.6267,0.000333531
0.6268,0.000334823
0.6269,0.00033612
0.627,0.000337422
0.6271,0.000338729
0.6272,0.000340041
0.6273,0.000341359
0.6274,0.000342681
0.6275,0.000344008
0.6276,0.000345341
0.6277,0.000346679
0.6278,0.000348022
0.6279,0.00034937
0.628,0.000350723
0.6281,0.000352082
0.6282,0.000353446
0.6283,0.000354815
0.6284,0.00035619
0.6285,0.000357569
0.6286,0.000358955
0.6287,0.000360345
0.6288,0.000361741
0.6289,0.000363142
0.629,0.000364549
0.6291,0.000365961
0.6292,0.000367379
0.6293,0.000368802
0.6294,0.000370231
0.6295,0.000371665
0.6296,0.000373105
0.6297,0.00037455
0.6298,0.000376001
0.6299,0.000377458
0.63,0.00037892
0.6301,0.000380388
0.6302,0.000381861
0.6303,0.000383341
0.6304,0.000384826
0.6305,0.000386316
0.6306,0.000387813
0.6307,0.000389315
0.6308,0.000390823
0.6309,0.000392337
0.631,0.000393857
0.6311,0.000395383
0.6312,0.000396915
0.6313,0.000398452
0.6314,0.000399996
0.6315,0.000401545
0.6316,0.000403101
0.6317,0.000404662
0.6318,0.00040623
0.6319,0.000407804
0.632,0.000409383
0.6321,0.000410969
0.6322,0.000412561
0.6323,0.000414159
0.6324,0.000415764
0.6325,0.000417374
0.6326,0.000418991
0.6327,0.000420614
0.6328,0.000422244
0.6329,0.000423879
0.633,0.000425522
0.6331,0.00042717
0.6332,0.000428825
0.6333,0.000430486
0.6334,0.000432154
0.6335,0.000433828
0.6336,0.000435508
0.6337,0.000437195
0.6338,0.000438889
0.6339,0.000440589
0.634,0.000442296
0.6341,0.000444009
0.6342,0.000445729
0.6343,0.000447456
0.6344,0.000449189
0.6345,0.000450929
0.6346,0.000452676
0.6347,0.00045443
0.6348,0.00045619
0.6349,0.000457957
0.635,0.000459731
0.6351,0.000461512
0.6352,0.0004633
0.6353,0.000465095
0.6354,0.000466897
0.6355,0.000468705
0.6356,0.000470521
0.6357,0.000472344
0.6358,0.000474174
0.6359,0.00047601
0.636,0.000477854
0.6361,0.000479705
0.6362,0.000481564
0.6363,0.000483429
0.6364,0.000485302
0.6365,0.000487182
0.6366,0.000489069
0.6367,0.000490964
0.6368,0.000492866
0.6369,0.000494775
0.637,0.000496692
0.6371,0.000498616
0.6372,0.000500547
0.6373,0.000502486
0.6374,0.000504433
0.6375,0.000506387
0.6376,0.000508349
0.6377,0.000510318
0.6378,0.000512295
0.6379,0.000514279
0.638,0.000516272
0.6381,0.000518272
0.6382,0.000520279
0.6383,0.000522295
0.6384,0.000524318
0.6385,0.000526349
0.6386,0.000528388
0.6387,0.000530435
0.6388,0.00053249
0.6389,0.000534553
0.639,0.000536623
0.6391,0.000538702
0.6392,0.000540789
0.6393,0.000542884
0.6394,0.000544987
0.6395,0.000547098
0.6396,0.000549218
0.6397,0.000551345
0.6398,0.000553481
0.6399,0.000555625
0.64,0.000557777
0.6401,0.000559938
0.6402,0.000562107
0.6403,0.000564285
0.6404,0.000566471
0.6405,0.000568665
0.6406,0.000570868
0.6407,0.000573079
0.6408,0.0005753
0.6409,0.000577528
0.641,0.000579765
0.6411,0.000582011
0.6412,0.000584266
0.6413,0.000586529
0.6414,0.000588801
0.6415,0.000591082
0.6416,0.000593372
0.6417,0.000595671
0.6418,0.000597978
0.6419,0.000600295
0.642,0.00060262
0.6421,0.000604955
0.6422,0.000607298
0.6423,0.000609651
0.6424,0.000612012
0.6425,0.000614383
0.6426,0.000616763
0.6427,0.000619152
0.6428,0.000621551
0.6429,0.000623959
0.643,0.000626376
0.6431,0.000628802
0.6432,0.000631238
0.6433,0.000633683
0.6434,0.000636138
0.6435,0.000638603
0.6436,0.000641076
0.6437,0.00064356
0.6438,0.000646053
0.6439,0.000648556
0.644,0.000651068
0.6441,0.00065359
0.6442,0.000656122
0.6443,0.000658664
0.6444,0.000661215
0.6445,0.000663777
0.6446,0.000666348
0.6447,0.000668929
0.6448,0.000671521
0.6449,0.000674122
0.645,0.000676733
0.6451,0.000679355
0.6452,0.000681987
0.6453,0.000684629
0.6454,0.000687281
0.6455,0.000689943
0.6456,0.000692616
0.6457,0.000695299
0.6458,0.000697992
0.6459,0.000700696
0.646,0.000703411
0.6461,0.000706136
0.6462,0.000708871
0.6463,0.000711617
0.6464,0.000714374
0.6465,0.000717141
0.6466,0.000719919
0.6467,0.000722708
0.6468,0.000725508
0.6469,0.000728318
0.647,0.00073114
0.6471,0.000733972
0.6472,0.000736815
0.6473,0.00073967
0.6474,0.000742535
0.6475,0.000745411
0.6476,0.000748299
0.6477,0.000751198
0.6478,0.000754108
0.6479,0.000757029
0.648,0.000759962
0.6481,0.000762906
0.6482,0.000765861
0.6483,0.000768828
0.6484,0.000771806
0.6485,0.000774796
0.6486,0.000777797
0.6487,0.00078081
0.6488,0.000783835
0.6489,0.000786872
0.649,0.00078992
0.6491,0.00079298
0.6492,0.000796052
0.6493,0.000799136
0.6494,0.000802231
0.6495,0.000805339
0.6496,0.000808459
0.6497,0.000811591
0.6498,0.000814735
0.6499,0.000817891
0.65,0.000821059
0.6501,0.00082424
0.6502,0.000827433
0.6503,0.000830638
0.6504,0.000833856
0.6505,0.000837086
0.6506,0.000840329
0.6507,0.000843584
0.6508,0.000846852
0.6509,0.000850132
0.651,0.000853426
0.6511,0.000856732
0.6512,0.000860051
0.6513,0.000863382
0.6514,0.000866727
0.6515,0.000870084
0.6516,0.000873455
0.6517,0.000876839
0.6518,0.000880235
0.6519,0.000883645
0.652,0.000887068
0.6521,0.000890505
0.6522,0.000893954
0.6523,0.000897417
0.6524,0.000900894
0.6525,0.000904384
0.6526,0.000907887
0.6527,0.000911404
0.6528,0.000914935
0.6529,0.000918479
0.653,0.000922037
0.6531,0.000925609
0.6532,0.000929195
0.6533,0.000932794
0.6534,0.000936408
0.6535,0.000940035
0.6536,0.000943677
0.6537,0.000947332
0.6538,0.000951002
0.6539,0.000954686
0.654,0.000958384
0.6541,0.000962097
0.6542,0.000965824
0.6543,0.000969566
0.6544,0.000973321
0.6545,0.000977092
0.6546,0.000980877
0.6547,0.000984677
0.6548,0.000988491
0.6549,0.000992321
0.655,0.000996165
0.6551,0.00100002
0.6552,0.0010039
0.6553,0.00100779
0.6554,0.00101169
0.6555,0.00101561
0.6556,0.00101954
0.6557,0.00102349
0.6558,0.00102746
0.6559,0.00103144
0.656,0.00103543
0.6561,0.00103945
0.6562,0.00104347
0.6563,0.00104751
0.6564,0.00105157
0.6565,0.00105565
0.6566,0.00105973
0.6567,0.00106384
0.6568,0.00106796
0.6569,0.0010721
0.657,0.00107625
0.6571,0.00108042
0.6572,0.00108461
0.6573,0.00108881
0.6574,0.00109303
0.6575,0.00109726
0.6576,0.00110151
0.6577,0.00110578
0.6578,0.00111006
0.6579,0.00111436
0.658,0.00111868
0.6581,0.00112301
0.6582,0.00112736
0.6583,0.00113173
0.6584,0.00113611
0.6585,0.00114051
0.6586,0.00114493
0.6587,0.00114937
0.6588,0.00115382
0.6589,0.00115829
0.659,0.00116278
0.6591,0.00116728
0.6592,0.0011718
0.6593,0.00117634
0.6594,0.0011809
0.6595,0.00118547
0.6596,0.00119007
0.6597,0.00119468
0.6598,0.0011993
0.6599,0.00120395
0.66,0.00120861
0.6601,0.0012133
0.6602,0.001218
0.6603,0.00122271
0.6604,0.00122745
0.6605,0.00123221
0.6606,0.00123698
0.6607,0.00124177
0.6608,0.00124658
0.6609,0.00125141
0.661,0.00125626
0.6611,0.00126113
0.6612,0.00126601
0.6613,0.00127092
0.6614,0.00127584
0.6615,0.00128078
0.6616,0.00128574
0.6617,0.00129072
0.6618,0.00129572
0.6619,0.00130074
0.662,0.00130578
0.6621,0.00131084
0.6622,0.00131592
0.6623,0.00132102
0.6624,0.00132613
0.6625,0.00133127
0.6626,0.00133643
0.6627,0.0013416
0.6628,0.0013468
0.6629,0.00135202
0.663,0.00135726
0.6631,0.00136251
0.6632,0.00136779
0.6633,0.00137309
0.6634,0.00137841
0.6635,0.00138375
0.6636,0.00138911
0.6637,0.00139449
0.6638,0.00139989
0.6639,0.00140532
0.664,0.00141076
0.6641,0.00141623
0.6642,0.00142171
0.6643,0.00142722
0.6644,0.00143275
0.6645,0.0014383
0.6646,0.00144387
0.6647,0.00144946
0.6648,0.00145508
0.6649,0.00146071
0.665,0.00146637
0.6651,0.00147205
0.6652,0.00147776
0.6653,0.00148348
0.6654,0.00148923
0.6655,0.001495
0.6656,0.00150079
0.6657,0.0015066
0.6658,0.00151244
0.6659,0.0015183
0.666,0.00152418
0.6661,0.00153008
0.6662,0.00153601
0.6663,0.00154196
0.6664,0.00154793
0.6665,0.00155393
0.6666,0.00155995
0.6667,0.00156599
0.6668,0.00157206
0.6669,0.00157815
0.667,0.00158426
0.6671,0.0015904
0.6672,0.00159656
0.6673,0.00160275
0.6674,0.00160895
0.6675,0.00161519
0.6676,0.00162144
0.6677,0.00162773
0.6678,0.00163403
0.6679,0.00164036
0.668,0.00164672
0.6681,0.00165309
0.6682,0.0016595
0.6683,0.00166593
0.6684,0.00167238
0.6685,0.00167886
0.6686,0.00168536
0.6687,0.00169189
0.6688,0.00169845
0.6689,0.00170503
0.669,0.00171163
0.6691,0.00171826
0.6692,0.00172492
0.6693,0.0017316
0.6694,0.00173831
0.6695,0.00174504
0.6696,0.0017518
0.6697,0.00175859
0.6698,0.0017654
0.6699,0.00177224
0.67,0.0017791
0.6701,0.001786
0.6702,0.00179291
0.6703,0.00179986
0.6704,0.00180683
0.6705,0.00181383
0.6706,0.00182086
0.6707,0.00182791
0.6708,0.00183499
0.6709,0.0018421
0.671,0.00184924
0.6711,0.0018564
0.6712,0.00186359
0.6713,0.00187081
0.6714,0.00187806
0.6715,0.00188533
0.6716,0.00189264
0.6717,0.00189997
0.6718,0.00190733
0.6719,0.00191472
0.672,0.00192214
0.6721,0.00192958
0.6722,0.00193706
0.6723,0.00194456
0.6724,0.00195209
0.6725,0.00195966
0.6726,0.00196725
0.6727,0.00197487
0.6728,0.00198252
0.6729,0.0019902
0.673,0.00199791
0.6731,0.00200565
0.6732,0.00201342
0.6733,0.00202122
0.6734,0.00202905
0.6735,0.00203691
0.6736,0.0020448
0.6737,0.00205272
0.6738,0.00206067
0.6739,0.00206865
0.674,0.00207667
0.6741,0.00208471
0.6742,0.00209279
0.6743,0.00210089
0.6744,0.00210903
0.6745,0.0021172
0.6746,0.0021254
0.6747,0.00213364
0.6748,0.0021419
0.6749,0.0021502
0.675,0.00215853
0.6751,0.00216689
0.6752,0.00217529
0.6753,0.00218371
0.6754,0.00219217
0.6755,0.00220066
0.6756,0.00220919
0.6757,0.00221775
0.6758,0.00222634
0.6759,0.00223496
0.676,0.00224362
0.6761,0.00225231
0.6762,0.00226104
0.6763,0.0022698
0.6764,0.00227859
0.6765,0.00228742
0.6766,0.00229628
0.6767,0.00230517
0.6768,0.0023141
0.6769,0.00232307
0.677,0.00233207
0.6771,0.0023411
0.6772,0.00235017
0.6773,0.00235927
0.6774,0.00236841
0.6775,0.00237759
0.6776,0.0023868
0.6777,0.00239604
0.6778,0.00240533
0.6779,0.00241464
0.678,0.002424
0.6781,0.00243339
0.6782,0.00244281
0.6783,0.00245228
0.6784,0.00246178
0.6785,0.00247131
0.6786,0.00248089
0.6787,0.0024905
0.6788,0.00250014
0.6789,0.00250983
0.679,0.00251955
0.6791,0.00252931
0.6792,0.00253911
0.6793,0.00254895
0.6794,0.00255882
0.6795,0.00256873
0.6796,0.00257868
0.6797,0.00258867
0.6798,0.0025987
0.6799,0.00260877
0.68,0.00261887
0.6801,0.00262902
0.6802,0.0026392
0.6803,0.00264943
0.6804,0.00265969
0.6805,0.00266999
0.6806,0.00268034
0.6807,0.00269072
0.6808,0.00270114
0.6809,0.00271161
0.681,0.00272211
0.6811,0.00273266
0.6812,0.00274324
0.6813,0.00275387
0.6814,0.00276454
0.6815,0.00277525
0.6816,0.002786
0.6817,0.00279679
0.6818,0.00280763
0.6819,0.0028185
0.682,0.00282942
0.6821,0.00284038
0.6822,0.00285138
0.6823,0.00286243
0.6824,0.00287352
0.6825,0.00288465
0.6826,0.00289582
0.6827,0.00290704
0.6828,0.0029183
0.6829,0.00292961
0.683,0.00294096
0.6831,0.00295235
0.6832,0.00296379
0.6833,0.00297527
0.6834,0.00298679
0.6835,0.00299836
0.6836,0.00300998
0.6837,0.00302164
0.6838,0.00303335
0.6839,0.0030451
0.684,0.00305689
0.6841,0.00306873
0.6842,0.00308062
0.6843,0.00309256
0.6844,0.00310454
0.6845,0.00311656
0.6846,0.00312864
0.6847,0.00314075
0.6848,0.00315292
0.6849,0.00316514
0.685,0.0031774
0.6851,0.00318971
0.6852,0.00320206
0.6853,0.00321447
0.6854,0.00322692
0.6855,0.00323942
0.6856,0.00325197
0.6857,0.00326457
0.6858,0.00327721
0.6859,0.00328991
0.686,0.00330265
0.6861,0.00331545
0.6862,0.00332829
0.6863,0.00334118
0.6864,0.00335413
0.6865,0.00336712
0.6866,0.00338016
0.6867,0.00339326
0.6868,0.0034064
0.6869,0.0034196
0.687,0.00343284
0.6871,0.00344614
0.6872,0.00345949
0.6873,0.00347289
0.6874,0.00348635
0.6875,0.00349985
0.6876,0.00351341
0.6877,0.00352702
0.6878,0.00354068
0.6879,0.0035544
0.688,0.00356817
0.6881,0.00358199
0.6882,0.00359587
0.6883,0.0036098
0.6884,0.00362378
0.6885,0.00363782
0.6886,0.00365191
0.6887,0.00366606
0.6888,0.00368026
0.6889,0.00369452
0.689,0.00370883
0.6891,0.0037232
0.6892,0.00373762
0.6893,0.0037521
0.6894,0.00376663
0.6895,0.00378122
0.6896,0.00379587
0.6897,0.00381058
0.6898,0.00382534
0.6899,0.00384016
0.69,0.00385503
0.6901,0.00386997
0.6902,0.00388496
0.6903,0.00390001
0.6904,0.00391512
0.6905,0.00393028
0.6906,0.00394551
0.6907,0.00396079
0.6908,0.00397614
0.6909,0.00399154
0.691,0.004007
0.6911,0.00402252
0.6912,0.00403811
0.6913,0.00405375
0.6914,0.00406945
0.6915,0.00408522
0.6916,0.00410104
0.6917,0.00411693
0.6918,0.00413288
0.6919,0.00414889
0.692,0.00416496
0.6921,0.00418109
0.6922,0.00419729
0.6923,0.00421355
0.6924,0.00422987
0.6925,0.00424626
0.6926,0.00426271
0.6927,0.00427922
0.6928,0.0042958
0.6929,0.00431244
0.693,0.00432915
0.6931,0.00434592
0.6932,0.00436275
0.6933,0.00437965
0.6934,0.00439662
0.6935,0.00441365
0.6936,0.00443075
0.6937,0.00444791
0.6938,0.00446514
0.6939,0.00448244
0.694,0.0044998
0.6941,0.00451724
0.6942,0.00453473
0.6943,0.0045523
0.6944,0.00456994
0.6945,0.00458764
0.6946,0.00460541
0.6947,0.00462325
0.6948,0.00464116
0.6949,0.00465914
0.695,0.00467719
0.6951,0.00469531
0.6952,0.0047135
0.6953,0.00473176
0.6954,0.00475009
0.6955,0.00476849
0.6956,0.00478696
0.6957,0.0048055
0.6958,0.00482412
0.6959,0.00484281
0.696,0.00486157
0.6961,0.0048804
0.6962,0.00489931
0.6963,0.00491828
0.6964,0.00493734
0.6965,0.00495646
0.6966,0.00497566
0.6967,0.00499494
0.6968,0.00501429
0.6969,0.00503371
0.697,0.00505321
0.6971,0.00507279
0.6972,0.00509244
0.6973,0.00511217
0.6974,0.00513197
0.6975,0.00515185
0.6976,0.00517181
0.6977,0.00519184
0.6978,0.00521196
0.6979,0.00523215
0.698,0.00525241
0.6981,0.00527276
0.6982,0.00529319
0.6983,0.00531369
0.6984,0.00533428
0.6985,0.00535494
0.6986,0.00537568
0.6987,0.00539651
0.6988,0.00541741
0.6989,0.0054384
0.699,0.00545947
0.6991,0.00548062
0.6992,0.00550185
0.6993,0.00552316
0.6994,0.00554456
0.6995,0.00556604
0.6996,0.0055876
0.6997,0.00560924
0.6998,0.00563097
0.6999,0.00565279
0.7,0.00567468
0.7001,0.00569667
0.7002,0.00571873
0.7003,0.00574089
0.7004,0.00576313
0.7005,0.00578545
0.7006,0.00580786
0.7007,0.00583036
0.7008,0.00585295
0.7009,0.00587562
0.701,0.00589838
0.7011,0.00592123
0.7012,0.00594417
0.7013,0.0059672
0.7014,0.00599031
0.7015,0.00601352
0.7016,0.00603681
0.7017,0.0060602
0.7018,0.00608368
0.7019,0.00610724
0.702,0.0061309
0.7021,0.00615465
0.7022,0.00617849
0.7023,0.00620243
0.7024,0.00622646
0.7025,0.00625058
0.7026,0.00627479
0.7027,0.0062991
0.7028,0.0063235
0.7029,0.00634799
0.703,0.00637259
0.7031,0.00639727
0.7032,0.00642205
0.7033,0.00644693
0.7034,0.00647191
0.7035,0.00649698
0.7036,0.00652215
0.7037,0.00654741
0.7038,0.00657277
0.7039,0.00659824
0.704,0.0066238
0.7041,0.00664946
0.7042,0.00667522
0.7043,0.00670107
0.7044,0.00672703
0.7045,0.00675309
0.7046,0.00677925
0.7047,0.00680551
0.7048,0.00683188
0.7049,0.00685834
0.705,0.00688491
0.7051,0.00691158
0.7052,0.00693836
0.7053,0.00696523
0.7054,0.00699222
0.7055,0.0070193
0.7056,0.0070465
0.7057,0.00707379
0.7058,0.0071012
0.7059,0.0071287
0.706,0.00715632
0.7061,0.00718404
0.7062,0.00721187
0.7063,0.00723981
0.7064,0.00726785
0.7065,0.00729601
0.7066,0.00732427
0.7067,0.00735265
0.7068,0.00738113
0.7069,0.00740972
0.707,0.00743843
0.7071,0.00746724
0.7072,0.00749617
0.7073,0.00752521
0.7074,0.00755436
0.7075,0.00758362
0.7076,0.007613
0.7077,0.00764249
0.7078,0.0076721
0.7079,0.00770182
0.708,0.00773165
0.7081,0.0077616
0.7082,0.00779167
0.7083,0.00782186
0.7084,0.00785216
0.7085,0.00788257
0.7086,0.00791311
0.7087,0.00794376
0.7088,0.00797454
0.7089,0.00800543
0.709,0.00803644
0.7091,0.00806757
0.7092,0.00809883
0.7093,0.0081302
0.7094,0.00816169
0.7095,0.00819331
0.7096,0.00822505
0.7097,0.00825691
0.7098,0.0082889
0.7099,0.00832101
0.71,0.00835324
0.7101,0.0083856
0.7102,0.00841809
0.7103,0.0084507
0.7104,0.00848343
0.7105,0.0085163
0.7106,0.00854929
0.7107,0.00858241
0.7108,0.00861565
0.7109,0.00864903
0.711,0.00868253
0.7111,0.00871617
0.7112,0.00874993
0.7113,0.00878383
0.7114,0.00881786
0.7115,0.00885201
0.7116,0.00888631
0.7117,0.00892073
0.7118,0.00895529
0.7119,0.00898998
0.712,0.0090248
0.7121,0.00905976
0.7122,0.00909486
0.7123,0.00913009
0.7124,0.00916546
0.7125,0.00920097
0.7126,0.00923661
0.7127,0.00927239
0.7128,0.00930831
0.7129,0.00934437
0.713,0.00938057
0.7131,0.00941691
0.7132,0.00945339
0.7133,0.00949001
0.7134,0.00952677
0.7135,0.00956367
0.7136,0.00960072
0.7137,0.00963791
0.7138,0.00967525
0.7139,0.00971273
0.714,0.00975036
0.7141,0.00978813
0.7142,0.00982604
0.7143,0.00986411
0.7144,0.00990232
0.7145,0.00994068
0.7146,0.00997919
0.7147,0.0100178
0.7148,0.0100567
0.7149,0.0100956
0.715,0.0101347
0.7151,0.010174
0.7152,0.0102134
0.7153,0.010253
0.7154,0.0102927
0.7155,0.0103325
0.7156,0.0103726
0.7157,0.0104128
0.7158,0.0104531
0.7159,0.0104936
0.716,0.0105342
0.7161,0.010575
0.7162,0.010616
0.7163,0.0106571
0.7164,0.0106984
0.7165,0.0107399
0.7166,0.0107815
0.7167,0.0108232
0.7168,0.0108652
0.7169,0.0109073
0.717,0.0109495
0.7171,0.0109919
0.7172,0.0110345
0.7173,0.0110772
0.7174,0.0111202
0.7175,0.0111632
0.7176,0.0112065
0.7177,0.0112499
0.7178,0.0112935
0.7179,0.0113372
0.718,0.0113811
0.7181,0.0114252
0.7182,0.0114695
0.7183,0.0115139
0.7184,0.0115585
0.7185,0.0116033
0.7186,0.0116482
0.7187,0.0116934
0.7188,0.0117387
0.7189,0.0117841
0.719,0.0118298
0.7191,0.0118756
0.7192,0.0119216
0.7193,0.0119678
0.7194,0.0120142
0.7195,0.0120607
0.7196,0.0121074
0.7197,0.0121543
0.7198,0.0122014
0.7199,0.0122487
0.72,0.0122961
0.7201,0.0123438
0.7202,0.0123916
0.7203,0.0124396
0.7204,0.0124878
0.7205,0.0125362
0.7206,0.0125847
0.7207,0.0126335
0.7208,0.0126824
0.7209,0.0127315
0.721,0.0127809
0.7211,0.0128304
0.7212,0.0128801
0.7213,0.01293
0.7214,0.0129801
0.7215,0.0130303
0.7216,0.0130808
0.7217,0.0131315
0.7218,0.0131824
0.7219,0.0132334
0.722,0.0132847
0.7221,0.0133361
0.7222,0.0133878
0.7223,0.0134397
0.7224,0.0134917
0.7225,0.013544
0.7226,0.0135965
0.7227,0.0136491
0.7228,0.013702
0.7229,0.0137551
0.723,0.0138084
0.7231,0.0138619
0.7232,0.0139156
0.7233,0.0139695
0.7234,0.0140236
0.7235,0.0140779
0.7236,0.0141324
0.7237,0.0141872
0.7238,0.0142422
0.7239,0.0142973
0.724,0.0143527
0.7241,0.0144083
0.7242,0.0144641
0.7243,0.0145202
0.7244,0.0145764
0.7245,0.0146329
0.7246,0.0146896
0.7247,0.0147465
0.7248,0.0148036
0.7249,0.0148609
0.725,0.0149185
0.7251,0.0149763
0.7252,0.0150343
0.7253,0.0150926
0.7254,0.015151
0.7255,0.0152097
0.7256,0.0152686
0.7257,0.0153278
0.7258,0.0153872
0.7259,0.0154468
0.726,0.0155066
0.7261,0.0155667
0.7262,0.015627
0.7263,0.0156875
0.7264,0.0157483
0.7265,0.0158093
0.7266,0.0158705
0.7267,0.015932
0.7268,0.0159937
0.7269,0.0160557
0.727,0.0161179
0.7271,0.0161803
0.7272,0.016243
0.7273,0.0163059
0.7274,0.0163691
0.7275,0.0164325
0.7276,0.0164962
0.7277,0.0165601
0.7278,0.0166242
0.7279,0.0166886
0.728,0.0167533
0.7281,0.0168182
0.7282,0.0168833
0.7283,0.0169487
0.7284,0.0170144
0.7285,0.0170803
0.7286,0.0171464
0.7287,0.0172129
0.7288,0.0172795
0.7289,0.0173465
0.729,0.0174137
0.7291,0.0174811
0.7292,0.0175489
0.7293,0.0176168
0.7294,0.0176851
0.7295,0.0177536
0.7296,0.0178224
0.7297,0.0178914
0.7298,0.0179607
0.7299,0.0180303
0.73,0.0181001
0.7301,0.0181703
0.7302,0.0182406
0.7303,0.0183113
0.7304,0.0183822
0.7305,0.0184535
0.7306,0.0185249
0.7307,0.0185967
0.7308,0.0186687
0.7309,0.0187411
0.731,0.0188137
0.7311,0.0188865
0.7312,0.0189597
0.7313,0.0190332
0.7314,0.0191069
0.7315,0.0191809
0.7316,0.0192552
0.7317,0.0193298
0.7318,0.0194047
0.7319,0.0194798
0.732,0.0195553
0.7321,0.0196311
0.7322,0.0197071
0.7323,0.0197835
0.7324,0.0198601
0.7325,0.019937
0.7326,0.0200143
0.7327,0.0200918
0.7328,0.0201696
0.7329,0.0202478
0.733,0.0203262
0.7331,0.0204049
0.7332,0.020484
0.7333,0.0205633
0.7334,0.020643
0.7335,0.020723
0.7336,0.0208032
0.7337,0.0208838
0.7338,0.0209647
0.7339,0.0210459
0.734,0.0211275
0.7341,0.0212093
0.7342,0.0212915
0.7343,0.0213739
0.7344,0.0214567
0.7345,0.0215399
0.7346,0.0216233
0.7347,0.0217071
0.7348,0.0217912
0.7349,0.0218756
0.735,0.0219603
0.7351,0.0220454
0.7352,0.0221308
0.7353,0.0222165
0.7354,0.0223026
0.7355,0.022389
0.7356,0.0224757
0.7357,0.0225628
0.7358,0.0226502
0.7359,0.0227379
0.736,0.022826
0.7361,0.0229144
0.7362,0.0230032
0.7363,0.0230923
0.7364,0.0231818
0.7365,0.0232716
0.7366,0.0233617
0.7367,0.0234522
0.7368,0.0235431
0.7369,0.0236343
0.737,0.0237258
0.7371,0.0238177
0.7372,0.02391
0.7373,0.0240026
0.7374,0.0240956
0.7375,0.024189
0.7376,0.0242827
0.7377,0.0243767
0.7378,0.0244712
0.7379,0.024566
0.738,0.0246611
0.7381,0.0247567
0.7382,0.0248526
0.7383,0.0249488
0.7384,0.0250455
0.7385,0.0251425
0.7386,0.0252399
0.7387,0.0253377
0.7388,0.0254358
0.7389,0.0255344
0.739,0.0256333
0.7391,0.0257326
0.7392,0.0258323
0.7393,0.0259323
0.7394,0.0260328
0.7395,0.0261336
0.7396,0.0262349
0.7397,0.0263365
0.7398,0.0264385
0.7399,0.0265409
0.74,0.0266438
0.7401,0.026747
0.7402,0.0268506
0.7403,0.0269546
0.7404,0.027059
0.7405,0.0271638
0.7406,0.0272691
0.7407,0.0273747
0.7408,0.0274807
0.7409,0.0275872
0.741,0.0276941
0.7411,0.0278014
0.7412,0.0279091
0.7413,0.0280172
0.7414,0.0281257
0.7415,0.0282347
0.7416,0.028344
0.7417,0.0284538
0.7418,0.0285641
0.7419,0.0286747
0.742,0.0287858
0.7421,0.0288973
0.7422,0.0290092
0.7423,0.0291216
0.7424,0.0292344
0.7425,0.0293477
0.7426,0.0294614
0.7427,0.0295755
0.7428,0.0296901
0.7429,0.0298051
0.743,0.0299205
0.7431,0.0300365
0.7432,0.0301528
0.7433,0.0302696
0.7434,0.0303869
0.7435,0.0305046
0.7436,0.0306228
0.7437,0.0307414
0.7438,0.0308605
0.7439,0.03098
0.744,0.0311
0.7441,0.0312205
0.7442,0.0313415
0.7443,0.0314629
0.7444,0.0315847
0.7445,0.0317071
0.7446,0.0318299
0.7447,0.0319532
0.7448,0.032077
0.7449,0.0322013
0.745,0.032326
0.7451,0.0324512
0.7452,0.032577
0.7453,0.0327031
0.7454,0.0328298
0.7455,0.032957
0.7456,0.0330847
0.7457,0.0332128
0.7458,0.0333415
0.7459,0.0334707
0.746,0.0336003
0.7461,0.0337305
0.7462,0.0338612
0.7463,0.0339923
0.7464,0.034124
0.7465,0.0342562
0.7466,0.0343889
0.7467,0.0345221
0.7468,0.0346559
0.7469,0.0347901
0.747,0.0349249
0.7471,0.0350602
0.7472,0.035196
0.7473,0.0353323
0.7474,0.0354692
0.7475,0.0356066
0.7476,0.0357445
0.7477,0.035883
0.7478,0.036022
0.7479,0.0361616
0.748,0.0363016
0.7481,0.0364423
0.7482,0.0365834
0.7483,0.0367252
0.7484,0.0368674
0.7485,0.0370102
0.7486,0.0371536
0.7487,0.0372975
0.7488,0.037442
0.7489,0.0375871
0.749,0.0377327
0.7491,0.0378788
0.7492,0.0380256
0.7493,0.0381729
0.7494,0.0383208
0.7495,0.0384692
0.7496,0.0386182
0.7497,0.0387678
0.7498,0.038918
0.7499,0.0390688
0.75,0.0392201
0.7501,0.0393721
0.7502,0.0395246
0.7503,0.0396777
0.7504,0.0398314
0.7505,0.0399857
0.7506,0.0401406
0.7507,0.0402961
0.7508,0.0404522
0.7509,0.0406089
0.751,0.0407662
0.7511,0.0409241
0.7512,0.0410827
0.7513,0.0412418
0.7514,0.0414016
0.7515,0.041562
0.7516,0.041723
0.7517,0.0418846
0.7518,0.0420468
0.7519,0.0422097
0.752,0.0423732
0.7521,0.0425374
0.7522,0.0427022
0.7523,0.0428676
0.7524,0.0430336
0.7525,0.0432003
0.7526,0.0433677
0.7527,0.0435357
0.7528,0.0437044
0.7529,0.0438737
0.753,0.0440436
0.7531,0.0442142
0.7532,0.0443855
0.7533,0.0445575
0.7534,0.0447301
0.7535,0.0449033
0.7536,0.0450773
0.7537,0.0452519
0.7538,0.0454272
0.7539,0.0456032
0.754,0.0457798
0.7541,0.0459572
0.7542,0.0461352
0.7543,0.0463139
0.7544,0.0464933
0.7545,0.0466735
0.7546,0.0468543
0.7547,0.0470358
0.7548,0.047218
0.7549,0.0474009
0.755,0.0475845
0.7551,0.0477688
0.7552,0.0479539
0.7553,0.0481397
0.7554,0.0483261
0.7555,0.0485134
0.7556,0.0487013
0.7557,0.0488899
0.7558,0.0490793
0.7559,0.0492695
0.756,0.0494603
0.7561,0.0496519
0.7562,0.0498443
0.7563,0.0500374
0.7564,0.0502312
0.7565,0.0504258
0.7566,0.0506211
0.7567,0.0508172
0.7568,0.0510141
0.7569,0.0512117
0.757,0.0514101
0.7571,0.0516092
0.7572,0.0518092
0.7573,0.0520099
0.7574,0.0522113
0.7575,0.0524136
0.7576,0.0526166
0.7577,0.0528205
0.7578,0.0530251
0.7579,0.0532305
0.758,0.0534367
0.7581,0.0536437
0.7582,0.0538515
0.7583,0.0540601
0.7584,0.0542695
0.7585,0.0544798
0.7586,0.0546908
0.7587,0.0549027
0.7588,0.0551154
0.7589,0.0553289
0.759,0.0555432
0.7591,0.0557584
0.7592,0.0559744
0.7593,0.0561912
0.7594,0.0564089
0.7595,0.0566274
0.7596,0.0568468
0.7597,0.057067
0.7598,0.0572881
0.7599,0.05751
0.76,0.0577328
0.7601,0.0579564
0.7602,0.0581809
0.7603,0.0584063
0.7604,0.0586326
0.7605,0.0588597
0.7606,0.0590877
0.7607,0.0593166
0.7608,0.0595464
0.7609,0.0597771
0.761,0.0600086
0.7611,0.0602411
0.7612,0.0604745
0.7613,0.0607087
0.7614,0.0609439
0.7615,0.06118
0.7616,0.061417
0.7617,0.0616549
0.7618,0.0618937
0.7619,0.0621335
0.762,0.0623742
0.7621,0.0626158
0.7622,0.0628584
0.7623,0.0631019
0.7624,0.0633463
0.7625,0.0635917
0.7626,0.0638381
0.7627,0.0640854
0.7628,0.0643336
0.7629,0.0645829
0.763,0.064833
0.7631,0.0650842
0.7632,0.0653363
0.7633,0.0655894
0.7634,0.0658435
0.7635,0.0660986
0.7636,0.0663546
0.7637,0.0666117
0.7638,0.0668697
0.7639,0.0671288
0.764,0.0673888
0.7641,0.0676499
0.7642,0.0679119
0.7643,0.068175
0.7644,0.0684391
0.7645,0.0687042
0.7646,0.0689704
0.7647,0.0692375
0.7648,0.0695058
0.7649,0.069775
0.765,0.0700453
0.7651,0.0703167
0.7652,0.0705891
0.7653,0.0708625
0.7654,0.071137
0.7655,0.0714126
0.7656,0.0716892
0.7657,0.0719669
0.7658,0.0722457
0.7659,0.0725256
0.766,0.0728065
0.7661,0.0730886
0.7662,0.0733717
0.7663,0.0736559
0.7664,0.0739413
0.7665,0.0742277
0.7666,0.0745153
0.7667,0.0748039
0.7668,0.0750937
0.7669,0.0753846
0.767,0.0756766
0.7671,0.0759698
0.7672,0.0762641
0.7673,0.0765595
0.7674,0.0768561
0.7675,0.0771538
0.7676,0.0774527
0.7677,0.0777527
0.7678,0.0780539
0.7679,0.0783563
0.768,0.0786598
0.7681,0.0789646
0.7682,0.0792705
0.7683,0.0795775
0.7684,0.0798858
0.7685,0.0801953
0.7686,0.0805059
0.7687,0.0808178
0.7688,0.0811309
0.7689,0.0814452
0.769,0.0817607
0.7691,0.0820774
0.7692,0.0823954
0.7693,0.0827145
0.7694,0.083035
0.7695,0.0833566
0.7696,0.0836795
0.7697,0.0840037
0.7698,0.0843291
0.7699,0.0846558
0.77,0.0849837
0.7701,0.0853129
0.7702,0.0856434
0.7703,0.0859752
0.7704,0.0863083
0.7705,0.0866426
0.7706,0.0869782
0.7707,0.0873152
0.7708,0.0876534
0.7709,0.087993
0.771,0.0883338
0.7711,0.088676
0.7712,0.0890196
0.7713,0.0893644
0.7714,0.0897106
0.7715,0.0900581
0.7716,0.090407
0.7717,0.0907572
0.7718,0.0911088
0.7719,0.0914617
0.772,0.091816
0.7721,0.0921717
0.7722,0.0925288
0.7723,0.0928872
0.7724,0.093247
0.7725,0.0936083
0.7726,0.0939709
0.7727,0.0943349
0.7728,0.0947003
0.7729,0.0950672
0.773,0.0954355
0.7731,0.0958052
0.7732,0.0961763
0.7733,0.0965489
0.7734,0.0969229
0.7735,0.0972984
0.7736,0.0976753
0.7737,0.0980537
0.7738,0.0984335
0.7739,0.0988148
0.774,0.0991976
0.7741,0.0995819
0.7742,0.0999676
0.7743,0.100355
0.7744,0.100744
0.7745,0.101134
0.7746,0.101526
0.7747,0.101919
0.7748,0.102314
0.7749,0.10271
0.775,0.103108
0.7751,0.103507
0.7752,0.103908
0.7753,0.104311
0.7754,0.104715
0.7755,0.105121
0.7756,0.105528
0.7757,0.105937
0.7758,0.106347
0.7759,0.106759
0.776,0.107173
0.7761,0.107588
0.7762,0.108005
0.7763,0.108423
0.7764,0.108843
0.7765,0.109265
0.7766,0.109688
0.7767,0.110113
0.7768,0.110539
0.7769,0.110968
0.777,0.111397
0.7771,0.111829
0.7772,0.112262
0.7773,0.112697
0.7774,0.113134
0.7775,0.113572
0.7776,0.114012
0.7777,0.114454
0.7778,0.114897
0.7779,0.115342
0.778,0.115789
0.7781,0.116237
0.7782,0.116688
0.7783,0.11714
0.7784,0.117593
0.7785,0.118049
0.7786,0.118506
0.7787,0.118965
0.7788,0.119426
0.7789,0.119889
0.779,0.120353
0.7791,0.12082
0.7792,0.121288
0.7793,0.121757
0.7794,0.122229
0.7795,0.122703
0.7796,0.123178
0.7797,0.123655
0.7798,0.124134
0.7799,0.124615
0.78,0.125098
0.7801,0.125582
0.7802,0.126069
0.7803,0.126557
0.7804,0.127047
0.7805,0.12754
0.7806,0.128034
0.7807,0.12853
0.7808,0.129028
0.7809,0.129527
0.781,0.130029
0.7811,0.130533
0.7812,0.131038
0.7813,0.131546
0.7814,0.132056
0.7815,0.132567
0.7816,0.133081
0.7817,0.133596
0.7818,0.134114
0.7819,0.134633
0.782,0.135155
0.7821,0.135679
0.7822,0.136204
0.7823,0.136732
0.7824,0.137261
0.7825,0.137793
0.7826,0.138327
0.7827,0.138863
0.7828,0.139401
0.7829,0.139941
0.783,0.140483
0.7831,0.141027
0.7832,0.141573
0.7833,0.142122
0.7834,0.142672
0.7835,0.143225
0.7836,0.14378
0.7837,0.144337
0.7838,0.144896
0.7839,0.145457
0.784,0.146021
0.7841,0.146586
0.7842,0.147154
0.7843,0.147724
0.7844,0.148297
0.7845,0.148871
0.7846,0.149448
0.7847,0.150027
0.7848,0.150608
0.7849,0.151191
0.785,0.151777
0.7851,0.152365
0.7852,0.152955
0.7853,0.153548
0.7854,0.154143
0.7855,0.15474
0.7856,0.155339
0.7857,0.155941
0.7858,0.156545
0.7859,0.157151
0.786,0.15776
0.7861,0.158371
0.7862,0.158985
0.7863,0.159601
0.7864,0.160219
0.7865,0.16084
0.7866,0.161463
0.7867,0.162088
0.7868,0.162716
0.7869,0.163346
0.787,0.163979
0.7871,0.164614
0.7872,0.165252
0.7873,0.165892
0.7874,0.166535
0.7875,0.16718
0.7876,0.167828
0.7877,0.168478
0.7878,0.16913
0.7879,0.169786
0.788,0.170443
0.7881,0.171104
0.7882,0.171766
0.7883,0.172432
0.7884,0.1731
0.7885,0.17377
0.7886,0.174444
0.7887,0.175119
0.7888,0.175798
0.7889,0.176479
0.789,0.177162
0.7891,0.177849
0.7892,0.178538
0.7893,0.179229
0.7894,0.179924
0.7895,0.18062
0.7896,0.18132
0.7897,0.182023
0.7898,0.182728
0.7899,0.183436
0.79,0.184146
0.7901,0.18486
0.7902,0.185576
0.7903,0.186295
0.7904,0.187016
0.7905,0.187741
0.7906,0.188468
0.7907,0.189198
0.7908,0.189931
0.7909,0.190667
0.791,0.191405
0.7911,0.192147
0.7912,0.192891
0.7913,0.193638
0.7914,0.194389
0.7915,0.195142
0.7916,0.195897
0.7917,0.196656
0.7918,0.197418
0.7919,0.198183
0.792,0.198951
0.7921,0.199721
0.7922,0.200495
0.7923,0.201272
0.7924,0.202051
0.7925,0.202834
0.7926,0.20362
0.7927,0.204409
0.7928,0.205201
0.7929,0.205995
0.793,0.206793
0.7931,0.207595
0.7932,0.208399
0.7933,0.209206
0.7934,0.210016
0.7935,0.21083
0.7936,0.211647
0.7937,0.212467
0.7938,0.21329
0.7939,0.214116
0.794,0.214945
0.7941,0.215778
0.7942,0.216614
0.7943,0.217453
0.7944,0.218295
0.7945,0.219141
0.7946,0.21999
0.7947,0.220842
0.7948,0.221698
0.7949,0.222557
0.795,0.223419
0.7951,0.224284
0.7952,0.225153
0.7953,0.226025
0.7954,0.226901
0.7955,0.22778
0.7956,0.228662
0.7957,0.229548
0.7958,0.230437
0.7959,0.23133
0.796,0.232226
0.7961,0.233126
0.7962,0.234029
0.7963,0.234935
0.7964,0.235845
0.7965,0.236759
0.7966,0.237676
0.7967,0.238597
0.7968,0.239521
0.7969,0.240449
0.797,0.24138
0.7971,0.242316
0.7972,0.243254
0.7973,0.244197
0.7974,0.245143
0.7975,0.246092
0.7976,0.247045
0.7977,0.248003
0.7978,0.248963
0.7979,0.249928
0.798,0.250896
0.7981,0.251868
0.7982,0.252843
0.7983,0.253823
0.7984,0.254806
0.7985,0.255793
0.7986,0.256784
0.7987,0.257779
0.7988,0.258778
0.7989,0.25978
0.799,0.260786
0.7991,0.261797
0.7992,0.262811
0.7993,0.263829
0.7994,0.264851
0.7995,0.265877
0.7996,0.266907
0.7997,0.267941
0.7998,0.268979
0.7999,0.270021
0.8,0.271067
0.8001,0.272117
0.8002,0.273171
0.8003,0.274229
0.8004,0.275291
0.8005,0.276358
0.8006,0.277428
0.8007,0.278503
0.8008,0.279582
0.8009,0.280665
0.801,0.281752
0.8011,0.282844
0.8012,0.283939
0.8013,0.285039
0.8014,0.286144
0.8015,0.287252
0.8016,0.288365
0.8017,0.289482
0.8018,0.290603
0.8019,0.291729
0.802,0.292859
0.8021,0.293994
0.8022,0.295133
0.8023,0.296276
0.8024,0.297424
0.8025,0.298576
0.8026,0.299732
0.8027,0.300893
0.8028,0.302059
0.8029,0.303229
0.803,0.304404
0.8031,0.305583
0.8032,0.306767
0.8033,0.307955
0.8034,0.309148
0.8035,0.310346
0.8036,0.311548
0.8037,0.312755
0.8038,0.313966
0.8039,0.315183
0.804,0.316404
0.8041,0.317629
0.8042,0.31886
0.8043,0.320095
0.8044,0.321335
0.8045,0.32258
0.8046,0.323829
0.8047,0.325084
0.8048,0.326343
0.8049,0.327607
0.805,0.328877
0.8051,0.330151
0.8052,0.331429
0.8053,0.332713
0.8054,0.334002
0.8055,0.335296
0.8056,0.336595
0.8057,0.337899
0.8058,0.339208
0.8059,0.340522
0.806,0.341841
0.8061,0.343165
0.8062,0.344495
0.8063,0.345829
0.8064,0.347169
0.8065,0.348514
0.8066,0.349864
0.8067,0.351219
0.8068,0.35258
0.8069,0.353946
0.807,0.355317
0.8071,0.356693
0.8072,0.358075
0.8073,0.359462
0.8074,0.360854
0.8075,0.362252
0.8076,0.363656
0.8077,0.365064
0.8078,0.366479
0.8079,0.367898
0.808,0.369323
0.8081,0.370754
0.8082,0.37219
0.8083,0.373632
0.8084,0.37508
0.8085,0.376533
0.8086,0.377991
0.8087,0.379456
0.8088,0.380925
0.8089,0.382401
0.809,0.383882
0.8091,0.38537
0.8092,0.386862
0.8093,0.388361
0.8094,0.389865
0.8095,0.391376
0.8096,0.392892
0.8097,0.394414
0.8098,0.395942
0.8099,0.397476
0.81,0.399015
0.8101,0.400561
0.8102,0.402113
0.8103,0.403671
0.8104,0.405234
0.8105,0.406804
0.8106,0.40838
0.8107,0.409962
0.8108,0.41155
0.8109,0.413144
0.811,0.414745
0.8111,0.416351
0.8112,0.417964
0.8113,0.419583
0.8114,0.421209
0.8115,0.422841
0.8116,0.424479
0.8117,0.426123
0.8118,0.427774
0.8119,0.429431
0.812,0.431094
0.8121,0.432764
0.8122,0.434441
0.8123,0.436124
0.8124,0.437813
0.8125,0.439509
0.8126,0.441212
0.8127,0.442921
0.8128,0.444637
0.8129,0.446359
0.813,0.448088
0.8131,0.449824
0.8132,0.451567
0.8133,0.453316
0.8134,0.455072
0.8135,0.456835
0.8136,0.458605
0.8137,0.460381
0.8138,0.462165
0.8139,0.463955
0.814,0.465752
0.8141,0.467557
0.8142,0.469368
0.8143,0.471186
0.8144,0.473011
0.8145,0.474844
0.8146,0.476683
0.8147,0.47853
0.8148,0.480383
0.8149,0.482244
0.815,0.484113
0.8151,0.485988
0.8152,0.487871
0.8153,0.48976
0.8154,0.491658
0.8155,0.493562
0.8156,0.495474
0.8157,0.497394
0.8158,0.499321
0.8159,0.501255
0.816,0.503197
0.8161,0.505146
0.8162,0.507103
0.8163,0.509067
0.8164,0.511039
0.8165,0.513019
0.8166,0.515006
0.8167,0.517001
0.8168,0.519004
0.8169,0.521015
0.817,0.523033
0.8171,0.525059
0.8172,0.527093
0.8173,0.529135
0.8174,0.531185
0.8175,0.533242
0.8176,0.535308
0.8177,0.537382
0.8178,0.539464
0.8179,0.541553
0.818,0.543651
0.8181,0.545757
0.8182,0.547871
0.8183,0.549994
0.8184,0.552124
0.8185,0.554263
0.8186,0.55641
0.8187,0.558566
0.8188,0.56073
0.8189,0.562902
0.819,0.565082
0.8191,0.567271
0.8192,0.569469
0.8193,0.571675
0.8194,0.573889
0.8195,0.576113
0.8196,0.578344
0.8197,0.580585
0.8198,0.582834
0.8199,0.585092
0.82,0.587358
0.8201,0.589634
0.8202,0.591918
0.8203,0.594211
0.8204,0.596513
0.8205,0.598823
0.8206,0.601143
0.8207,0.603472
0.8208,0.60581
0.8209,0.608156
0.821,0.610512
0.8211,0.612877
0.8212,0.615251
0.8213,0.617635
0.8214,0.620027
0.8215,0.622429
0.8216,0.624841
0.8217,0.627261
0.8218,0.629691
0.8219,0.63213
0.822,0.634579
0.8221,0.637037
0.8222,0.639505
0.8223,0.641982
0.8224,0.644469
0.8225,0.646966
0.8226,0.649472
0.8227,0.651988
0.8228,0.654514
0.8229,0.657049
0.823,0.659595
0.8231,0.66215
0.8232,0.664715
0.8233,0.66729
0.8234,0.669875
0.8235,0.67247
0.8236,0.675075
0.8237,0.67769
0.8238,0.680315
0.8239,0.682951
0.824,0.685596
0.8241,0.688252
0.8242,0.690918
0.8243,0.693595
0.8244,0.696282
0.8245,0.698979
0.8246,0.701687
0.8247,0.704405
0.8248,0.707134
0.8249,0.709873
0.825,0.712623
0.8251,0.715384
0.8252,0.718155
0.8253,0.720937
0.8254,0.72373
0.8255,0.726533
0.8256,0.729348
0.8257,0.732173
0.8258,0.735009
0.8259,0.737857
0.826,0.740715
0.8261,0.743584
0.8262,0.746465
0.8263,0.749357
0.8264,0.752259
0.8265,0.755174
0.8266,0.758099
0.8267,0.761036
0.8268,0.763984
0.8269,0.766943
0.827,0.769914
0.8271,0.772897
0.8272,0.775891
0.8273,0.778897
0.8274,0.781914
0.8275,0.784943
0.8276,0.787984
0.8277,0.791036
0.8278,0.794101
0.8279,0.797177
0.828,0.800265
0.8281,0.803365
0.8282,0.806477
0.8283,0.809601
0.8284,0.812738
0.8285,0.815886
0.8286,0.819047
0.8287,0.822219
0.8288,0.825405
0.8289,0.828602
0.829,0.831812
0.8291,0.835034
0.8292,0.838269
0.8293,0.841516
0.8294,0.844776
0.8295,0.848049
0.8296,0.851334
0.8297,0.854632
0.8298,0.857943
0.8299,0.861266
0.83,0.864603
